2 //turn
1 //prev move count
3 // available move count
2	-1	1	-1 //prev move 1
0	1	0	2 // amove 1
0	0	0	2 // amove 2
0	0	-1	2 // amove 3
2
1
2
2	0	1	0
0	-1	0	2
0	-1	1	2
4
3
2
2	-1	1	-1
0	1	1	1
2	0	1	0
0	-1	1	2
0	1	1	2
4
3
3
2	-1	1	-1
0	1	1	1
2	0	1	1
0	0	1	2
0	0	-1	2
0	0	0	2
4
3
3
2	-1	1	-1
0	0	1	0
2	1	1	0
0	-1	1	2
0	1	-1	2
0	1	0	2
4
3
1
2	-1	1	-1
0	0	1	-1
2	0	1	-1
0	1	0	2
4
3
2
2	-1	1	-1
0	0	1	-1
2	0	1	0
1	-1	0	2
0	1	0	2
4
3
2
2	-1	1	-1
0	0	1	-1
2	1	1	1
1	-1	1	2
1	-1	0	2
4
3
2
2	0	1	0
0	-1	1	-1
2	1	1	1
0	1	-1	2
0	0	1	2
4
3
2
2	0	1	0
0	-1	1	0
2	-1	1	-1
1	0	0	2
0	1	0	2
4
3
2
2	0	1	0
0	-1	1	0
2	-1	1	0
0	1	0	2
1	1	-1	2
4
3
2
2	0	1	0
0	-1	1	0
2	-1	1	1
1	0	0	2
0	0	1	2
4
3
2
2	0	1	0
0	-1	1	0
2	1	1	0
0	1	0	2
0	1	-1	2
6
5
2
2	-1	1	-1
0	1	1	1
2	0	1	0
0	-1	1	0
2	1	1	0
0	0	-1	2
1	1	0	2
6
5
1
2	-1	1	-1
0	1	1	1
2	0	1	1
0	0	1	0
2	1	1	0
0	-1	1	2
6
5
1
2	-1	1	-1
0	0	1	0
2	1	1	0
0	1	1	1
2	0	1	1
0	-1	1	2
6
5
2
2	0	1	0
0	-1	1	-1
2	1	1	1
0	1	1	0
2	-1	1	0
1	-1	0	2
0	0	1	2
6
5
2
2	0	1	0
0	-1	1	0
2	-1	1	-1
0	1	1	1
2	1	1	0
0	0	-1	2
1	1	0	2
6
5
2
2	0	1	0
0	-1	1	0
2	-1	1	0
0	1	1	0
2	1	1	1
0	0	1	2
1	0	0	2
6
5
2
2	0	1	0
0	-1	1	0
2	1	1	1
0	0	1	1
2	-1	1	-1
1	0	0	2
1	1	0	2
6
5
2
2	0	1	0
0	-1	1	0
2	1	1	1
0	0	1	1
2	-1	1	0
1	1	0	2
0	1	-1	2
6
5
2
2	0	1	0
0	-1	1	0
2	1	1	0
0	1	1	1
2	-1	1	-1
1	0	-1	2
1	1	0	2
6
5
2
2	0	1	0
0	-1	1	0
2	1	1	0
0	1	1	0
2	-1	1	-1
1	0	0	2
0	0	-1	2